sym: on, distances: 3.1061 3.53567 4.492 5.46131 5.63886 6.2122 6.35265
1 1 1 1 0 0 -1 
1 1 1 1 0 0 1 
1 1 2 2 0 0 -1 
1 1 2 2 0 0 1 
2 1 1 2 -1 -1 -1 
2 1 2 1 1 1 1 
2 1 1 2 -1 -1 0 
2 1 2 1 1 1 0 
2 1 2 1 0 1 0 
2 1 1 2 0 -1 0 
2 1 2 1 0 1 1 
2 1 1 2 0 -1 -1 
2 1 2 1 1 0 0 
2 1 1 2 -1 0 0 
2 1 2 1 1 0 1 
2 1 1 2 -1 0 -1 
2 1 1 2 0 0 -1 
2 1 2 1 0 0 1 
2 1 1 2 0 0 0 
2 1 2 1 0 0 0 
3 1 1 1 -1 0 0 
3 1 1 1 1 0 0 
3 1 2 2 -1 0 0 
3 1 2 2 1 0 0 
3 1 1 1 0 -1 0 
3 1 1 1 0 1 0 
3 1 2 2 0 -1 0 
3 1 2 2 0 1 0 
4 1 1 1 -1 0 -1 
4 1 1 1 1 0 1 
4 1 1 1 -1 0 1 
4 1 1 1 1 0 -1 
4 1 2 2 -1 0 -1 
4 1 2 2 1 0 1 
4 1 2 2 -1 0 1 
4 1 2 2 1 0 -1 
4 1 1 1 0 -1 -1 
4 1 1 1 0 1 1 
4 1 1 1 0 -1 1 
4 1 1 1 0 1 -1 
4 1 2 2 0 -1 -1 
4 1 2 2 0 1 1 
4 1 2 2 0 -1 1 
4 1 2 2 0 1 -1 
5 1 1 2 -1 -1 -2 
5 1 2 1 1 1 2 
5 1 1 2 -1 -1 1 
5 1 2 1 1 1 -1 
5 1 2 1 0 1 -1 
5 1 1 2 0 -1 1 
5 1 2 1 0 1 2 
5 1 1 2 0 -1 -2 
5 1 2 1 1 0 -1 
5 1 1 2 -1 0 1 
5 1 2 1 1 0 2 
5 1 1 2 -1 0 -2 
5 1 1 2 0 0 -2 
5 1 2 1 0 0 2 
5 1 1 2 0 0 1 
5 1 2 1 0 0 -1 
6 1 1 1 0 0 -2 
6 1 1 1 0 0 2 
6 1 2 2 0 0 -2 
6 1 2 2 0 0 2 
7 2 1 1 -1 1 0 
7 2 1 1 1 -1 0 
7 2 2 2 -1 -1 0 
7 2 2 2 1 1 0 
7 1 1 1 -1 -1 0 
7 1 1 1 1 1 0 
7 1 2 2 -1 1 0 
7 1 2 2 1 -1 0 
